313
313
314
314
310
314
307
312
312
315
313
313
313
312
310
315
312
311
312
313
314
312
314
313
309
313
314
315
313
314
314
314
314
315
312
312
314
315
310
312
315
313
314
314
312
312
312
312
314
314
311
315
315
312
312
314
316
311
313
314
311
311
313
311
314
313
312
311
313
312
312
313
315
313
309
311
314
313
312
313
314
311
315
315
312
312
315
313
312
315
312
311
315
314
314
316
315
311
311
314
314
314
315
315
315
313
316
311
312
309
315
314
313
312
315
312
314
312
313
311
313
313
309
313
313
313
313
311
315
314
313
312
314
313
314
314
313
312
313
316
314
313
315
313
315
315
310
314
311
313
314
313
313
312
313
313
314
314
313
314
313
313
312
312
314
312
316
315
312
311
314
314
314
313
314
316
315
314
314
313
312
314
314
314
312
315
313
315
315
314
314
315
312
312
312
311
312
311
311
312
312
313
314
314
314
309
312
313
313
314
311
313
312
315
315
316
315
311
313
316
314
312
313
312
313
315
314
314
313
310
314
311
313
313
313
311
313
315
313
313
307
312
313
314
316
313
313
313
315
311
314
312
313
313
312
312
314
313
314
313
314
315
314
315
315
314
314
313
310
315
313
315
312
311
313
312
314
313
314
315
310
311
312
312
313
312
314
312
313
313
314
312
314
314
315
314
312
314
315
314
313
309
312
313
313
313
314
314
313
313
313
312
313
313
312
312
311
311
316
315
313
313
310
314
314
314
313
315
315
311
313
314
313
315
310
312
314
314
314
312
313
314
314
313
311
312
311
315
308
313
313
315
313
311
311
314
314
312
312
315
312
313
309
311
315
311
311
316
314
313
313
310
313
311
316
314
313
314
314
314
312
314
315
313
313
314
315
312
313
311
313
315
311
309
311
314
315
315
313
315
313
312
312
327
339
343
340
340
339
339
341
342
343
343
341
339
340
342
342
338
339
341
341
339
342
342
339
342
342
340
343
342
339
338
343
338
341
341
341
342
340
340
340
341
342
339
343
343
342
341
340
339
338
339
340
341
340
341
342
340
340
342
342
337
343
339
340
340
341
341
340
343
341
342
340
342
343
340
342
343
342
340
341
341
341
338
341
342
341
340
341
342
340
341
341
343
340
343
341
340
341
343
338
342
344
340
343
343
342
342
341
341
342
342
340
340
342
341
341
342
340
342
343
343
341
340
344
342
344
340
340
340
341
341
338
341
342
341
341
342
341
341
340
340
341
342
339
341
340
343
339
342
340
344
341
340
343
342
340
341
341
342
340
342
338
341
340
341
338
342
342
342
342
341
342
341
340
343
339
342
341
339
339
343
343
343
342
342
344
342
341
341
340
341
343
341
342
340
342
340
341
340
341
343
339
340
342
343
341
340
341
342
341
341
342
339
342
343
341
342
337
342
339
340
340
341
341
342
342
340
341
340
344
343
342
342
342
340
343
340
340
342
337
340
341
340
340
340
341
341
341
341
342
341
342
342
344
339
342
340
342
342
340
342
342
339
341
343
338
341
343
342
341
341
343
343
338
339
344
342
341
341
341
343
338
342
338
343
340
340
342
342
339
341
341
341
342
341
343
343
340
341
342
340
341
342
339
342
341
339
341
344
341
342
341
341
342
339
343
341
342
342
339
343
340
339
343
343
342
342
341
342
342
342
342
341
340
340
342
338
341
342
338
342
341
342
339
341
342
340
